26.0,45.0,86.0,111.0,145.0,196.0,227.0,232.0,254.0,257.0,271.0,277.0,277.0,280.0,382.0,408.0,433.0,456.0,474.0,513.0,577.0,598.0,610.0,690.0,709.0,769.0,804.0,824.0,828.0,833.0,892.0,926.0,933.0,994.0,996.0,
4.0,37.0,68.0,69.0,105.0,130.0,159.0,210.0,210.0,263.0,265.0,367.0,390.0,395.0,415.0,459.0,483.0,488.0,495.0,498.0,507.0,511.0,536.0,648.0,668.0,673.0,686.0,703.0,719.0,759.0,803.0,863.0,891.0,911.0,916.0,961.0,992.0,
18.0,34.0,39.0,132.0,184.0,187.0,199.0,207.0,238.0,248.0,299.0,300.0,333.0,391.0,436.0,485.0,495.0,498.0,512.0,513.0,515.0,530.0,533.0,550.0,628.0,645.0,682.0,687.0,687.0,726.0,742.0,878.0,893.0,935.0,948.0,953.0,
27.0,30.0,61.0,66.0,152.0,296.0,309.0,376.0,387.0,417.0,424.0,426.0,432.0,437.0,541.0,543.0,545.0,554.0,578.0,584.0,642.0,661.0,675.0,676.0,694.0,710.0,727.0,727.0,736.0,787.0,790.0,795.0,831.0,908.0,909.0,910.0,944.0,946.0,964.0,
12.0,56.0,63.0,91.0,105.0,120.0,154.0,166.0,181.0,262.0,329.0,344.0,353.0,364.0,397.0,407.0,431.0,489.0,577.0,587.0,596.0,604.0,625.0,638.0,640.0,672.0,679.0,748.0,755.0,837.0,855.0,869.0,
11.0,13.0,23.0,39.0,62.0,132.0,139.0,163.0,176.0,231.0,263.0,276.0,291.0,300.0,316.0,328.0,358.0,507.0,520.0,560.0,589.0,624.0,628.0,645.0,656.0,681.0,684.0,717.0,739.0,774.0,827.0,860.0,862.0,945.0,
26.0,30.0,35.0,37.0,57.0,123.0,149.0,226.0,233.0,237.0,268.0,275.0,276.0,358.0,377.0,394.0,405.0,428.0,432.0,440.0,475.0,584.0,600.0,607.0,621.0,658.0,684.0,696.0,744.0,777.0,890.0,942.0,959.0,995.0,
13.0,36.0,66.0,73.0,78.0,85.0,88.0,169.0,191.0,191.0,207.0,212.0,295.0,310.0,350.0,351.0,368.0,381.0,396.0,422.0,493.0,504.0,532.0,553.0,593.0,607.0,664.0,674.0,692.0,698.0,728.0,730.0,790.0,814.0,836.0,888.0,938.0,942.0,988.0,993.0,997.0,
32.0,32.0,38.0,85.0,132.0,134.0,199.0,261.0,271.0,338.0,343.0,350.0,390.0,394.0,439.0,445.0,486.0,495.0,503.0,591.0,617.0,621.0,628.0,776.0,799.0,805.0,874.0,900.0,921.0,
37.0,51.0,60.0,143.0,178.0,205.0,210.0,233.0,315.0,315.0,353.0,391.0,394.0,405.0,430.0,463.0,531.0,541.0,582.0,585.0,618.0,649.0,664.0,711.0,731.0,734.0,775.0,778.0,827.0,847.0,880.0,889.0,908.0,939.0,953.0,970.0,978.0,
29.0,32.0,32.0,78.0,136.0,146.0,148.0,166.0,168.0,193.0,201.0,224.0,258.0,266.0,280.0,309.0,332.0,349.0,428.0,430.0,441.0,455.0,582.0,589.0,593.0,637.0,665.0,686.0,701.0,719.0,732.0,740.0,751.0,776.0,784.0,935.0,937.0,985.0,
4.0,7.0,23.0,30.0,62.0,76.0,80.0,151.0,228.0,229.0,250.0,266.0,312.0,363.0,404.0,450.0,460.0,461.0,491.0,512.0,544.0,594.0,595.0,685.0,733.0,747.0,755.0,755.0,819.0,872.0,886.0,900.0,981.0,993.0,999.0,
33.0,38.0,48.0,63.0,78.0,100.0,100.0,132.0,170.0,178.0,189.0,211.0,225.0,232.0,282.0,339.0,340.0,342.0,351.0,352.0,370.0,381.0,414.0,438.0,497.0,549.0,572.0,572.0,573.0,620.0,652.0,658.0,658.0,704.0,748.0,789.0,871.0,880.0,902.0,931.0,938.0,994.0,
12.0,33.0,37.0,58.0,99.0,107.0,113.0,133.0,143.0,165.0,172.0,172.0,202.0,230.0,237.0,296.0,303.0,334.0,349.0,350.0,352.0,386.0,405.0,420.0,438.0,439.0,483.0,568.0,599.0,657.0,682.0,684.0,709.0,714.0,732.0,769.0,839.0,866.0,892.0,925.0,970.0,
34.0,81.0,103.0,139.0,160.0,172.0,205.0,209.0,233.0,324.0,334.0,359.0,369.0,414.0,467.0,482.0,514.0,548.0,612.0,616.0,628.0,670.0,677.0,725.0,740.0,741.0,757.0,779.0,825.0,834.0,843.0,848.0,936.0,953.0,972.0,985.0,
2.0,29.0,35.0,73.0,154.0,170.0,199.0,205.0,217.0,224.0,241.0,260.0,261.0,270.0,330.0,337.0,361.0,381.0,419.0,491.0,501.0,542.0,583.0,632.0,687.0,702.0,708.0,735.0,766.0,856.0,890.0,890.0,901.0,903.0,933.0,934.0,972.0,978.0,
26.0,76.0,91.0,92.0,108.0,114.0,172.0,193.0,229.0,239.0,264.0,291.0,292.0,320.0,322.0,342.0,360.0,365.0,367.0,395.0,465.0,482.0,485.0,522.0,524.0,558.0,564.0,608.0,632.0,647.0,665.0,734.0,735.0,753.0,849.0,851.0,901.0,956.0,958.0,
7.0,9.0,12.0,64.0,73.0,113.0,116.0,138.0,143.0,144.0,210.0,274.0,297.0,305.0,331.0,333.0,341.0,355.0,375.0,444.0,504.0,514.0,519.0,521.0,537.0,537.0,560.0,560.0,688.0,695.0,716.0,743.0,780.0,788.0,800.0,814.0,815.0,847.0,936.0,1000.0,
22.0,132.0,137.0,180.0,240.0,241.0,262.0,274.0,276.0,292.0,294.0,310.0,333.0,340.0,374.0,381.0,393.0,425.0,470.0,509.0,530.0,552.0,556.0,578.0,596.0,613.0,613.0,641.0,646.0,667.0,669.0,679.0,692.0,716.0,724.0,750.0,777.0,826.0,834.0,846.0,866.0,873.0,937.0,962.0,973.0,
8.0,37.0,60.0,65.0,93.0,97.0,154.0,162.0,221.0,228.0,257.0,271.0,274.0,280.0,321.0,336.0,349.0,364.0,489.0,512.0,591.0,613.0,644.0,668.0,709.0,752.0,754.0,802.0,825.0,835.0,859.0,902.0,916.0,950.0,958.0,970.0,975.0,
11.0,27.0,32.0,40.0,120.0,125.0,151.0,221.0,245.0,269.0,269.0,302.0,323.0,343.0,354.0,364.0,377.0,391.0,405.0,421.0,453.0,482.0,523.0,525.0,544.0,703.0,708.0,804.0,812.0,874.0,890.0,941.0,948.0,949.0,978.0,
9.0,37.0,70.0,80.0,94.0,122.0,140.0,141.0,142.0,204.0,249.0,296.0,310.0,356.0,389.0,431.0,437.0,444.0,447.0,458.0,582.0,585.0,625.0,630.0,632.0,645.0,656.0,678.0,680.0,710.0,726.0,764.0,770.0,881.0,914.0,930.0,956.0,
5.0,90.0,94.0,113.0,120.0,122.0,123.0,124.0,146.0,185.0,268.0,275.0,282.0,283.0,352.0,411.0,436.0,450.0,471.0,526.0,609.0,611.0,622.0,640.0,655.0,655.0,676.0,686.0,706.0,707.0,748.0,750.0,854.0,858.0,874.0,880.0,901.0,902.0,986.0,996.0,1000.0,
50.0,60.0,123.0,130.0,145.0,182.0,263.0,300.0,317.0,324.0,330.0,335.0,372.0,382.0,385.0,408.0,455.0,468.0,486.0,492.0,520.0,544.0,556.0,569.0,665.0,695.0,705.0,736.0,738.0,766.0,778.0,787.0,789.0,817.0,819.0,860.0,881.0,928.0,946.0,962.0,962.0,981.0,
10.0,19.0,25.0,25.0,39.0,61.0,67.0,80.0,85.0,116.0,117.0,156.0,192.0,238.0,325.0,348.0,395.0,494.0,520.0,527.0,527.0,548.0,608.0,617.0,621.0,634.0,662.0,664.0,671.0,819.0,849.0,872.0,910.0,943.0,945.0,969.0,979.0,988.0,
26.0,53.0,58.0,61.0,85.0,120.0,129.0,141.0,151.0,159.0,166.0,190.0,263.0,296.0,328.0,340.0,362.0,372.0,391.0,401.0,417.0,419.0,422.0,426.0,459.0,488.0,502.0,522.0,542.0,566.0,597.0,689.0,702.0,722.0,728.0,763.0,798.0,801.0,806.0,808.0,815.0,829.0,832.0,841.0,862.0,885.0,934.0,950.0,951.0,
37.0,51.0,72.0,105.0,110.0,130.0,130.0,135.0,147.0,196.0,212.0,235.0,292.0,293.0,305.0,309.0,328.0,338.0,362.0,420.0,438.0,488.0,506.0,571.0,593.0,618.0,646.0,656.0,680.0,711.0,711.0,732.0,749.0,754.0,759.0,799.0,799.0,802.0,864.0,864.0,869.0,880.0,906.0,912.0,919.0,983.0,991.0,
25.0,115.0,125.0,144.0,273.0,289.0,305.0,399.0,416.0,430.0,435.0,437.0,446.0,492.0,548.0,561.0,571.0,580.0,677.0,706.0,706.0,732.0,766.0,795.0,803.0,832.0,871.0,893.0,950.0,
35.0,39.0,71.0,165.0,189.0,239.0,259.0,327.0,334.0,435.0,446.0,499.0,525.0,561.0,570.0,609.0,616.0,622.0,671.0,793.0,798.0,810.0,831.0,840.0,853.0,868.0,909.0,958.0,979.0,979.0,988.0,
125.0,135.0,147.0,186.0,208.0,215.0,258.0,353.0,355.0,378.0,396.0,402.0,412.0,441.0,493.0,553.0,716.0,762.0,790.0,822.0,835.0,874.0,879.0,898.0,933.0,936.0,
40.0,87.0,123.0,147.0,154.0,164.0,172.0,195.0,227.0,227.0,293.0,298.0,315.0,316.0,329.0,338.0,372.0,393.0,400.0,411.0,465.0,475.0,517.0,544.0,550.0,559.0,564.0,573.0,606.0,671.0,697.0,715.0,717.0,756.0,762.0,763.0,772.0,773.0,855.0,869.0,
40.0,101.0,108.0,174.0,268.0,288.0,291.0,300.0,308.0,359.0,401.0,406.0,420.0,529.0,557.0,561.0,608.0,649.0,653.0,665.0,686.0,707.0,749.0,767.0,812.0,837.0,861.0,904.0,907.0,953.0,969.0,
22.0,81.0,82.0,140.0,148.0,218.0,263.0,285.0,312.0,320.0,372.0,479.0,521.0,526.0,558.0,558.0,566.0,566.0,657.0,674.0,685.0,823.0,854.0,878.0,934.0,961.0,965.0,970.0,
2.0,77.0,101.0,118.0,123.0,162.0,228.0,229.0,236.0,256.0,305.0,308.0,387.0,558.0,558.0,606.0,619.0,658.0,663.0,760.0,793.0,819.0,848.0,849.0,906.0,954.0,982.0,
8.0,11.0,11.0,78.0,84.0,118.0,166.0,168.0,218.0,219.0,252.0,306.0,441.0,494.0,496.0,571.0,581.0,606.0,618.0,622.0,630.0,645.0,670.0,674.0,719.0,744.0,776.0,804.0,833.0,863.0,865.0,866.0,912.0,927.0,935.0,963.0,966.0,993.0,
28.0,34.0,39.0,66.0,86.0,114.0,125.0,135.0,347.0,364.0,401.0,405.0,422.0,446.0,518.0,559.0,604.0,605.0,651.0,651.0,668.0,677.0,780.0,788.0,797.0,811.0,822.0,832.0,839.0,839.0,841.0,906.0,920.0,988.0,
23.0,41.0,53.0,94.0,230.0,235.0,273.0,282.0,404.0,427.0,436.0,468.0,475.0,523.0,525.0,550.0,598.0,623.0,638.0,647.0,650.0,667.0,690.0,698.0,710.0,718.0,727.0,741.0,744.0,880.0,905.0,981.0,989.0,
101.0,104.0,118.0,123.0,124.0,148.0,153.0,153.0,170.0,197.0,214.0,267.0,333.0,336.0,364.0,366.0,369.0,429.0,433.0,490.0,514.0,528.0,591.0,635.0,657.0,667.0,690.0,705.0,740.0,795.0,809.0,811.0,838.0,851.0,864.0,936.0,976.0,985.0,
33.0,98.0,165.0,181.0,186.0,191.0,205.0,234.0,266.0,274.0,276.0,332.0,334.0,358.0,391.0,395.0,407.0,415.0,434.0,543.0,560.0,561.0,594.0,597.0,635.0,643.0,651.0,684.0,686.0,703.0,726.0,748.0,794.0,829.0,831.0,833.0,841.0,862.0,978.0,
53.0,70.0,164.0,215.0,278.0,315.0,323.0,339.0,344.0,403.0,429.0,441.0,453.0,474.0,477.0,505.0,514.0,544.0,558.0,560.0,578.0,583.0,603.0,655.0,671.0,725.0,732.0,781.0,790.0,793.0,793.0,884.0,912.0,933.0,948.0,985.0,1000.0,
25.0,45.0,74.0,108.0,117.0,139.0,169.0,205.0,232.0,238.0,244.0,252.0,265.0,267.0,334.0,337.0,350.0,384.0,403.0,417.0,456.0,457.0,511.0,522.0,535.0,547.0,636.0,646.0,700.0,739.0,751.0,751.0,773.0,784.0,794.0,800.0,801.0,808.0,810.0,827.0,829.0,847.0,911.0,967.0,
65.0,89.0,117.0,150.0,169.0,185.0,225.0,260.0,282.0,305.0,320.0,331.0,402.0,424.0,468.0,489.0,520.0,531.0,568.0,592.0,602.0,622.0,664.0,665.0,697.0,730.0,755.0,757.0,777.0,808.0,812.0,846.0,886.0,917.0,923.0,928.0,961.0,
8.0,13.0,14.0,29.0,206.0,310.0,350.0,358.0,440.0,514.0,523.0,547.0,566.0,585.0,586.0,605.0,620.0,684.0,697.0,716.0,728.0,735.0,745.0,751.0,813.0,827.0,830.0,846.0,851.0,855.0,857.0,890.0,895.0,913.0,956.0,
12.0,14.0,14.0,39.0,110.0,197.0,224.0,260.0,310.0,348.0,382.0,386.0,424.0,462.0,477.0,515.0,526.0,537.0,610.0,620.0,624.0,664.0,714.0,752.0,785.0,856.0,860.0,864.0,891.0,913.0,916.0,960.0,961.0,968.0,998.0,
25.0,50.0,71.0,79.0,185.0,203.0,232.0,274.0,317.0,322.0,338.0,343.0,353.0,379.0,409.0,417.0,465.0,491.0,581.0,584.0,618.0,623.0,639.0,639.0,655.0,659.0,668.0,701.0,720.0,745.0,760.0,790.0,801.0,880.0,928.0,951.0,977.0,981.0,
9.0,37.0,118.0,188.0,200.0,208.0,228.0,228.0,411.0,465.0,483.0,492.0,509.0,516.0,535.0,557.0,568.0,574.0,579.0,618.0,633.0,647.0,692.0,709.0,741.0,759.0,768.0,777.0,805.0,816.0,830.0,846.0,852.0,867.0,880.0,921.0,938.0,
22.0,54.0,70.0,86.0,115.0,121.0,155.0,167.0,177.0,182.0,182.0,281.0,288.0,292.0,327.0,330.0,341.0,356.0,364.0,364.0,434.0,436.0,499.0,541.0,564.0,607.0,617.0,627.0,677.0,732.0,736.0,777.0,798.0,826.0,837.0,843.0,871.0,875.0,920.0,997.0,
17.0,42.0,63.0,75.0,109.0,113.0,121.0,123.0,124.0,167.0,174.0,216.0,221.0,245.0,268.0,334.0,364.0,383.0,440.0,449.0,506.0,521.0,567.0,572.0,573.0,595.0,597.0,678.0,685.0,720.0,730.0,760.0,768.0,776.0,816.0,820.0,822.0,822.0,837.0,847.0,856.0,903.0,912.0,932.0,938.0,
104.0,120.0,138.0,138.0,144.0,195.0,221.0,358.0,385.0,400.0,405.0,420.0,487.0,511.0,535.0,540.0,613.0,627.0,659.0,682.0,689.0,692.0,697.0,718.0,730.0,757.0,760.0,765.0,786.0,798.0,815.0,819.0,842.0,909.0,
15.0,31.0,70.0,99.0,133.0,136.0,251.0,254.0,338.0,367.0,444.0,462.0,464.0,469.0,487.0,515.0,553.0,556.0,622.0,645.0,699.0,700.0,708.0,775.0,782.0,836.0,855.0,863.0,883.0,900.0,910.0,964.0,
11.0,16.0,27.0,46.0,63.0,66.0,73.0,102.0,107.0,108.0,115.0,121.0,128.0,166.0,185.0,199.0,211.0,249.0,251.0,304.0,306.0,339.0,444.0,454.0,500.0,504.0,538.0,599.0,646.0,651.0,663.0,687.0,693.0,704.0,748.0,804.0,808.0,813.0,884.0,902.0,917.0,918.0,938.0,953.0,1000.0,
11.0,15.0,49.0,207.0,238.0,254.0,285.0,290.0,295.0,314.0,338.0,369.0,462.0,487.0,501.0,514.0,625.0,697.0,698.0,710.0,733.0,759.0,765.0,767.0,778.0,789.0,812.0,820.0,883.0,899.0,907.0,937.0,977.0,
22.0,23.0,62.0,120.0,159.0,214.0,238.0,273.0,276.0,308.0,313.0,320.0,350.0,361.0,363.0,368.0,386.0,397.0,449.0,470.0,502.0,527.0,529.0,533.0,581.0,660.0,688.0,706.0,713.0,719.0,745.0,776.0,806.0,835.0,877.0,884.0,907.0,952.0,955.0,957.0,958.0,
6.0,63.0,73.0,78.0,94.0,100.0,119.0,131.0,145.0,155.0,158.0,258.0,268.0,269.0,274.0,275.0,276.0,292.0,316.0,319.0,363.0,411.0,415.0,431.0,436.0,500.0,530.0,606.0,646.0,667.0,673.0,681.0,698.0,727.0,729.0,760.0,807.0,822.0,934.0,943.0,955.0,968.0,975.0,999.0,1000.0,
14.0,32.0,46.0,54.0,66.0,81.0,97.0,106.0,172.0,209.0,281.0,284.0,288.0,369.0,378.0,402.0,418.0,430.0,434.0,446.0,471.0,503.0,528.0,545.0,547.0,558.0,586.0,601.0,662.0,671.0,686.0,687.0,789.0,801.0,851.0,856.0,856.0,907.0,921.0,928.0,944.0,945.0,
40.0,64.0,67.0,79.0,81.0,139.0,146.0,147.0,164.0,170.0,268.0,274.0,296.0,299.0,318.0,334.0,335.0,336.0,373.0,380.0,386.0,406.0,430.0,458.0,481.0,497.0,507.0,533.0,546.0,565.0,691.0,748.0,754.0,763.0,822.0,857.0,863.0,904.0,935.0,941.0,
40.0,48.0,61.0,87.0,119.0,121.0,146.0,164.0,184.0,262.0,284.0,292.0,317.0,327.0,345.0,374.0,410.0,450.0,489.0,501.0,534.0,561.0,666.0,703.0,720.0,721.0,728.0,753.0,872.0,891.0,902.0,910.0,925.0,969.0,980.0,
57.0,93.0,127.0,206.0,349.0,385.0,385.0,421.0,430.0,451.0,516.0,563.0,577.0,600.0,629.0,645.0,664.0,714.0,722.0,736.0,741.0,775.0,798.0,825.0,854.0,880.0,913.0,928.0,980.0,988.0,
26.0,120.0,125.0,142.0,194.0,217.0,218.0,232.0,283.0,302.0,346.0,368.0,377.0,421.0,422.0,452.0,453.0,459.0,482.0,488.0,498.0,505.0,592.0,599.0,647.0,660.0,665.0,673.0,674.0,700.0,719.0,743.0,744.0,804.0,815.0,820.0,850.0,902.0,929.0,945.0,985.0,988.0,
50.0,90.0,90.0,95.0,163.0,169.0,187.0,196.0,203.0,205.0,217.0,221.0,246.0,268.0,283.0,284.0,285.0,322.0,343.0,403.0,407.0,411.0,417.0,436.0,467.0,482.0,531.0,536.0,552.0,567.0,596.0,626.0,649.0,656.0,668.0,717.0,739.0,749.0,790.0,804.0,827.0,865.0,888.0,
5.0,14.0,31.0,72.0,93.0,99.0,105.0,209.0,236.0,253.0,253.0,254.0,259.0,261.0,270.0,273.0,283.0,289.0,300.0,316.0,436.0,453.0,458.0,492.0,505.0,509.0,516.0,519.0,603.0,626.0,628.0,630.0,655.0,694.0,697.0,697.0,703.0,734.0,741.0,799.0,820.0,832.0,874.0,900.0,939.0,949.0,969.0,
2.0,8.0,17.0,132.0,138.0,191.0,206.0,207.0,209.0,261.0,271.0,295.0,309.0,328.0,329.0,343.0,347.0,352.0,391.0,421.0,421.0,457.0,459.0,504.0,523.0,543.0,561.0,633.0,659.0,678.0,680.0,684.0,693.0,718.0,730.0,748.0,751.0,792.0,800.0,811.0,865.0,924.0,959.0,980.0,
135.0,228.0,260.0,261.0,302.0,442.0,454.0,463.0,483.0,493.0,510.0,686.0,686.0,708.0,741.0,747.0,767.0,782.0,871.0,892.0,914.0,927.0,966.0,990.0,
17.0,53.0,53.0,107.0,114.0,118.0,119.0,129.0,198.0,253.0,255.0,273.0,274.0,300.0,304.0,338.0,440.0,471.0,474.0,519.0,580.0,585.0,627.0,633.0,689.0,709.0,732.0,738.0,762.0,763.0,772.0,773.0,777.0,780.0,786.0,822.0,833.0,836.0,861.0,885.0,888.0,896.0,913.0,931.0,940.0,952.0,962.0,971.0,987.0,1000.0,
16.0,135.0,142.0,203.0,246.0,271.0,309.0,313.0,333.0,384.0,411.0,481.0,515.0,547.0,559.0,609.0,623.0,646.0,650.0,696.0,708.0,718.0,749.0,754.0,783.0,814.0,834.0,834.0,880.0,956.0,962.0,969.0,995.0,
37.0,68.0,102.0,139.0,143.0,151.0,178.0,192.0,349.0,352.0,365.0,468.0,491.0,519.0,529.0,585.0,645.0,659.0,662.0,691.0,696.0,709.0,753.0,766.0,771.0,775.0,832.0,839.0,925.0,947.0,
48.0,57.0,57.0,99.0,156.0,186.0,231.0,256.0,261.0,297.0,323.0,370.0,377.0,426.0,491.0,500.0,530.0,567.0,576.0,581.0,604.0,620.0,654.0,663.0,691.0,730.0,732.0,759.0,760.0,816.0,823.0,899.0,948.0,
13.0,21.0,22.0,33.0,42.0,47.0,166.0,175.0,187.0,238.0,392.0,392.0,420.0,489.0,518.0,554.0,565.0,584.0,600.0,604.0,626.0,676.0,735.0,802.0,816.0,838.0,846.0,856.0,897.0,
13.0,27.0,38.0,51.0,96.0,116.0,119.0,119.0,121.0,128.0,152.0,159.0,184.0,197.0,200.0,203.0,209.0,219.0,266.0,313.0,334.0,356.0,376.0,425.0,442.0,569.0,578.0,585.0,600.0,633.0,634.0,645.0,647.0,678.0,708.0,758.0,801.0,828.0,
15.0,95.0,105.0,109.0,120.0,159.0,227.0,230.0,234.0,266.0,344.0,441.0,450.0,464.0,471.0,547.0,550.0,583.0,594.0,622.0,660.0,681.0,686.0,713.0,738.0,739.0,777.0,778.0,790.0,812.0,816.0,833.0,951.0,992.0,
33.0,49.0,59.0,257.0,270.0,289.0,307.0,376.0,391.0,430.0,442.0,506.0,569.0,593.0,594.0,596.0,596.0,605.0,667.0,670.0,689.0,771.0,782.0,933.0,938.0,939.0,958.0,964.0,986.0,
28.0,51.0,69.0,103.0,190.0,263.0,318.0,326.0,337.0,340.0,454.0,473.0,476.0,484.0,487.0,522.0,530.0,538.0,548.0,580.0,600.0,611.0,633.0,648.0,679.0,739.0,764.0,789.0,836.0,840.0,854.0,860.0,862.0,902.0,916.0,937.0,973.0,
8.0,24.0,46.0,121.0,138.0,163.0,196.0,210.0,241.0,304.0,305.0,314.0,375.0,387.0,392.0,393.0,513.0,513.0,578.0,612.0,625.0,641.0,647.0,662.0,726.0,807.0,820.0,823.0,839.0,873.0,902.0,920.0,962.0,1000.0,
83.0,104.0,118.0,178.0,184.0,222.0,267.0,271.0,301.0,344.0,374.0,452.0,469.0,502.0,503.0,546.0,625.0,636.0,650.0,652.0,655.0,674.0,722.0,728.0,792.0,801.0,840.0,899.0,936.0,959.0,977.0,993.0,994.0,
24.0,41.0,46.0,54.0,112.0,114.0,137.0,143.0,187.0,192.0,201.0,202.0,234.0,240.0,259.0,264.0,375.0,395.0,401.0,423.0,426.0,437.0,505.0,555.0,580.0,597.0,601.0,654.0,670.0,721.0,753.0,776.0,822.0,832.0,859.0,879.0,882.0,897.0,901.0,924.0,927.0,960.0,
15.0,31.0,35.0,91.0,101.0,114.0,117.0,141.0,161.0,175.0,175.0,176.0,184.0,211.0,218.0,246.0,320.0,344.0,349.0,365.0,442.0,491.0,500.0,614.0,618.0,643.0,650.0,747.0,775.0,797.0,865.0,929.0,931.0,
47.0,48.0,81.0,83.0,94.0,136.0,153.0,163.0,213.0,213.0,227.0,230.0,283.0,306.0,327.0,355.0,356.0,404.0,413.0,427.0,457.0,466.0,473.0,515.0,518.0,596.0,674.0,676.0,684.0,687.0,717.0,768.0,809.0,850.0,908.0,917.0,918.0,939.0,968.0,979.0,
58.0,189.0,236.0,241.0,242.0,243.0,271.0,330.0,333.0,347.0,357.0,427.0,484.0,567.0,626.0,632.0,647.0,676.0,734.0,781.0,791.0,813.0,906.0,940.0,982.0,
4.0,67.0,67.0,77.0,96.0,114.0,212.0,213.0,216.0,257.0,276.0,302.0,352.0,396.0,402.0,405.0,450.0,474.0,486.0,491.0,526.0,559.0,569.0,585.0,610.0,655.0,695.0,702.0,721.0,777.0,817.0,870.0,910.0,935.0,941.0,963.0,985.0,
14.0,14.0,53.0,85.0,93.0,146.0,149.0,169.0,189.0,217.0,245.0,287.0,302.0,332.0,332.0,332.0,339.0,385.0,416.0,434.0,463.0,469.0,493.0,513.0,536.0,547.0,557.0,614.0,633.0,637.0,677.0,778.0,790.0,859.0,864.0,883.0,898.0,913.0,935.0,990.0,
86.0,167.0,176.0,194.0,196.0,242.0,253.0,276.0,277.0,301.0,335.0,369.0,376.0,458.0,459.0,480.0,499.0,501.0,526.0,532.0,540.0,646.0,685.0,708.0,710.0,742.0,751.0,767.0,805.0,815.0,851.0,873.0,881.0,890.0,896.0,965.0,988.0,999.0,
43.0,72.0,170.0,218.0,236.0,240.0,270.0,271.0,273.0,312.0,313.0,319.0,330.0,344.0,359.0,369.0,398.0,410.0,420.0,446.0,446.0,523.0,679.0,685.0,718.0,762.0,764.0,884.0,887.0,928.0,934.0,951.0,
17.0,23.0,34.0,39.0,69.0,86.0,99.0,114.0,128.0,137.0,137.0,153.0,160.0,161.0,175.0,207.0,258.0,273.0,293.0,295.0,307.0,313.0,319.0,321.0,365.0,414.0,480.0,542.0,544.0,573.0,589.0,595.0,601.0,653.0,697.0,709.0,713.0,724.0,727.0,758.0,769.0,786.0,792.0,818.0,832.0,866.0,887.0,939.0,943.0,960.0,972.0,983.0,1000.0,
27.0,118.0,130.0,144.0,292.0,342.0,379.0,381.0,414.0,454.0,474.0,475.0,500.0,515.0,538.0,553.0,567.0,586.0,608.0,611.0,627.0,634.0,645.0,677.0,697.0,726.0,734.0,830.0,845.0,855.0,858.0,879.0,880.0,948.0,988.0,992.0,
44.0,58.0,60.0,74.0,90.0,121.0,123.0,132.0,132.0,172.0,239.0,256.0,260.0,328.0,331.0,412.0,413.0,460.0,461.0,501.0,506.0,527.0,565.0,607.0,693.0,708.0,716.0,739.0,808.0,846.0,851.0,861.0,870.0,896.0,961.0,961.0,
2.0,3.0,7.0,9.0,97.0,114.0,172.0,178.0,180.0,197.0,212.0,234.0,247.0,254.0,287.0,301.0,342.0,347.0,397.0,526.0,606.0,647.0,660.0,722.0,726.0,730.0,737.0,784.0,898.0,964.0,979.0,992.0,
5.0,12.0,36.0,74.0,174.0,228.0,230.0,256.0,264.0,266.0,281.0,290.0,301.0,392.0,470.0,483.0,497.0,546.0,590.0,610.0,639.0,666.0,679.0,696.0,733.0,734.0,747.0,767.0,785.0,785.0,790.0,812.0,813.0,842.0,842.0,843.0,880.0,
24.0,26.0,30.0,77.0,201.0,218.0,232.0,255.0,332.0,358.0,366.0,373.0,379.0,389.0,399.0,409.0,434.0,449.0,483.0,489.0,530.0,553.0,560.0,612.0,642.0,713.0,757.0,788.0,864.0,887.0,941.0,963.0,966.0,
36.0,46.0,98.0,114.0,149.0,189.0,193.0,250.0,257.0,300.0,305.0,339.0,356.0,361.0,370.0,450.0,474.0,521.0,531.0,554.0,593.0,619.0,630.0,639.0,646.0,657.0,675.0,704.0,722.0,795.0,818.0,834.0,862.0,875.0,906.0,916.0,936.0,996.0,
40.0,86.0,115.0,157.0,163.0,172.0,207.0,229.0,235.0,243.0,248.0,253.0,299.0,344.0,409.0,411.0,412.0,420.0,429.0,448.0,470.0,489.0,489.0,577.0,579.0,579.0,588.0,643.0,652.0,655.0,709.0,719.0,725.0,744.0,769.0,811.0,825.0,861.0,863.0,865.0,878.0,884.0,899.0,908.0,993.0,
38.0,40.0,85.0,90.0,123.0,163.0,197.0,262.0,276.0,297.0,337.0,338.0,339.0,452.0,458.0,468.0,492.0,507.0,508.0,529.0,539.0,552.0,573.0,622.0,656.0,663.0,685.0,709.0,742.0,761.0,823.0,828.0,830.0,863.0,879.0,881.0,904.0,922.0,925.0,975.0,
25.0,29.0,31.0,67.0,119.0,164.0,191.0,243.0,266.0,287.0,350.0,392.0,394.0,417.0,427.0,430.0,445.0,449.0,539.0,550.0,562.0,576.0,591.0,629.0,685.0,767.0,768.0,778.0,783.0,807.0,812.0,840.0,881.0,983.0,
36.0,93.0,98.0,128.0,227.0,267.0,309.0,346.0,359.0,443.0,480.0,494.0,498.0,528.0,533.0,535.0,581.0,587.0,601.0,605.0,667.0,668.0,679.0,704.0,719.0,771.0,794.0,865.0,895.0,983.0,984.0,986.0,987.0,
3.0,3.0,4.0,68.0,117.0,129.0,153.0,188.0,210.0,227.0,276.0,281.0,281.0,285.0,324.0,333.0,349.0,427.0,436.0,447.0,463.0,467.0,540.0,563.0,590.0,604.0,672.0,683.0,704.0,785.0,792.0,802.0,834.0,843.0,844.0,866.0,888.0,917.0,917.0,937.0,
31.0,61.0,108.0,207.0,208.0,222.0,275.0,284.0,294.0,304.0,311.0,372.0,374.0,376.0,451.0,461.0,469.0,479.0,550.0,569.0,658.0,661.0,672.0,698.0,795.0,813.0,830.0,879.0,948.0,989.0,
16.0,124.0,193.0,205.0,224.0,230.0,230.0,252.0,255.0,310.0,372.0,375.0,419.0,425.0,443.0,457.0,461.0,466.0,570.0,571.0,576.0,598.0,616.0,655.0,713.0,781.0,799.0,800.0,811.0,850.0,865.0,968.0,975.0,980.0,
13.0,18.0,36.0,73.0,94.0,118.0,126.0,129.0,135.0,169.0,174.0,195.0,213.0,248.0,253.0,258.0,316.0,343.0,390.0,396.0,436.0,440.0,442.0,447.0,508.0,540.0,588.0,604.0,622.0,656.0,678.0,681.0,704.0,738.0,741.0,773.0,777.0,816.0,869.0,870.0,886.0,894.0,899.0,920.0,953.0,954.0,
10.0,40.0,61.0,63.0,69.0,85.0,135.0,141.0,160.0,219.0,233.0,283.0,340.0,369.0,371.0,381.0,460.0,461.0,475.0,477.0,577.0,621.0,636.0,668.0,711.0,726.0,754.0,754.0,764.0,775.0,829.0,854.0,866.0,882.0,927.0,949.0,955.0,997.0,999.0,
35.0,37.0,83.0,117.0,131.0,148.0,158.0,163.0,164.0,244.0,245.0,285.0,291.0,472.0,474.0,474.0,599.0,656.0,682.0,697.0,727.0,776.0,846.0,858.0,874.0,882.0,901.0,904.0,911.0,919.0,947.0,
4.0,14.0,18.0,64.0,113.0,140.0,154.0,186.0,248.0,260.0,269.0,289.0,302.0,320.0,348.0,354.0,365.0,438.0,454.0,475.0,513.0,565.0,591.0,620.0,637.0,638.0,640.0,649.0,676.0,699.0,707.0,727.0,818.0,825.0,849.0,855.0,862.0,869.0,897.0,918.0,955.0,962.0,963.0,965.0,970.0,996.0,
